# r_number	rate        	tau         	tau1     	tau2        	r        
10        	3.8768895   	0.25793874  	0.088510887	11.276306   	0.56865162
11        	3.8768895   	0.25793874  	0.088510887	11.276306   	0.56865162
12        	3.2926633   	0.30370552  	0.086846327	10.600251   	0.53863467
13        	3.2926633   	0.30370552  	0.086846327	10.600251   	0.53863467
14        	3.2926633   	0.30370552  	0.086846327	10.600251   	0.53863467
15        	3.2926633   	0.30370552  	0.086846327	10.600251   	0.53863467
16        	3.2926633   	0.30370552  	0.086846327	10.600251   	0.53863467
17        	3.2926633   	0.30370552  	0.086846327	10.600251   	0.53863467
18        	nan         	nan         	nan      	nan         	nan      
19        	2.5051232   	0.39918196  	0.17457299	99.681107   	0.62759703
20        	2.5051232   	0.39918196  	0.17457299	99.681107   	0.62759703
21        	2.5051232   	0.39918196  	0.17457299	99.681107   	0.62759703
22        	3.1619086   	0.31626468  	0.158705 	97.275156   	0.66678111
23        	3.1619086   	0.31626468  	0.158705 	97.275156   	0.66678111
24        	3.1619086   	0.31626468  	0.158705 	97.275156   	0.66678111
25        	4.0561742   	0.24653774  	0.13272289	16.182893   	0.68600176
27        	4.2084324   	0.23761817  	0.12864865	14.731627   	0.68767666
28        	4.2084324   	0.23761817  	0.12864865	14.731627   	0.68767666
30        	4.2084324   	0.23761817  	0.12864865	14.731627   	0.68767666
31        	4.2084324   	0.23761817  	0.12864865	14.731627   	0.68767666
32        	4.2084324   	0.23761817  	0.12864865	14.731627   	0.68767666
33        	4.5628234   	0.21916255  	0.13563294	70.253386   	0.74131049
34        	5.7871575   	0.1727964   	0.099845101	15.227888   	0.71240753
35        	6.4255263   	0.15562928  	0.088547852	16.064905   	0.70718794
36        	6.7766576   	0.14756537  	0.08211445	14.484645   	0.69903566
37        	6.7766576   	0.14756537  	0.08211445	14.484645   	0.69903566
39        	7.2299678   	0.1383132   	0.079265019	13.909795   	0.70975973
40        	7.2299678   	0.1383132   	0.079265019	13.909795   	0.70975973
41        	7.2299678   	0.1383132   	0.079265019	13.909795   	0.70975973
42        	8.241464    	0.12133767  	0.074046309	14.771044   	0.73431961
43        	6.6849358   	0.14959007  	0.07488565	99.898657   	0.66657852
44        	5.8989563   	0.16952151  	0.070689849	132.19852   	0.61664567
45        	5.8989563   	0.16952151  	0.070689849	132.19852   	0.61664567
46        	5.5075053   	0.18157041  	0.064519959	124.11271   	0.5823818
47        	4.2180729   	0.23707509  	0.060441777	142.99235   	0.53473408
48        	4.2180729   	0.23707509  	0.060441777	142.99235   	0.53473408
49        	4.2180729   	0.23707509  	0.060441777	142.99235   	0.53473408
50        	4.2180729   	0.23707509  	0.060441777	142.99235   	0.53473408
51        	4.2180729   	0.23707509  	0.060441777	142.99235   	0.53473408
52        	4.8839683   	0.20475153  	0.080486015	184.50148   	0.60311294
53        	4.8839683   	0.20475153  	0.080486015	184.50148   	0.60311294
54        	4.8839683   	0.20475153  	0.080486015	184.50148   	0.60311294
55        	4.2308461   	0.23635934  	0.080896527	206.18662   	0.57562678
56        	4.2308461   	0.23635934  	0.080896527	206.18662   	0.57562678
57        	3.9454382   	0.25345727  	0.08508224	194.2109    	0.57218686
58        	nan         	nan         	nan      	nan         	nan      
59        	nan         	nan         	nan      	nan         	nan      
60        	nan         	nan         	nan      	nan         	nan      
61        	nan         	nan         	nan      	nan         	nan      
62        	0.099492672 	10.050992   	0.21729529	99.948345   	0.46390453
63        	0.081870733 	12.214377   	0.2476788	99.969626   	0.45581055
64        	0.081870733 	12.214377   	0.2476788	99.969626   	0.45581055
65        	0.12185705  	8.206337    	0.22170131	99.926581   	0.47071244
66        	0.12185705  	8.206337    	0.22170131	99.926581   	0.47071244
67        	1.2469069   	0.80198452  	0.17006827	99.955986   	0.51699709
68        	1.2469069   	0.80198452  	0.17006827	99.955986   	0.51699709
69        	2.7581229   	0.36256542  	0.12150175	99.941152   	0.57110544
70        	2.7581229   	0.36256542  	0.12150175	99.941152   	0.57110544
71        	2.7581229   	0.36256542  	0.12150175	99.941152   	0.57110544
72        	3.1114624   	0.32139229  	0.11491588	99.928504   	0.58296597
73        	3.1114624   	0.32139229  	0.11491588	99.928504   	0.58296597
74        	3.1114624   	0.32139229  	0.11491588	99.928504   	0.58296597
75        	2.6086743   	0.38333646  	0.11348008	99.914228   	0.55189535
76        	0.0033913462	294.86816   	0.0041364904	337.37221   	0.083622228
77        	0.0036049835	277.39378   	0.0030228569	320.25048   	0.088586545
78        	0.0036049835	277.39378   	0.0030228569	320.25048   	0.088586545
79        	0.0035142733	284.55385   	6.6495533e-13	362.01066   	0.13783422
80        	0.0035142733	284.55385   	6.6495533e-13	362.01066   	0.13783422
81        	0.0035142733	284.55385   	6.6495533e-13	362.01066   	0.13783422
82        	0.0035142733	284.55385   	6.6495533e-13	362.01066   	0.13783422
83        	0.0035142733	284.55385   	6.6495533e-13	362.01066   	0.13783422
84        	0.0035142733	284.55385   	6.6495533e-13	362.01066   	0.13783422
85        	nan         	nan         	nan      	nan         	nan      
86        	10.74724    	0.093047148 	0.067342061	4.1832998   	0.80657518
87        	10.74724    	0.093047148 	0.067342061	4.1832998   	0.80657518
88        	10.74724    	0.093047148 	0.067342061	4.1832998   	0.80657518
89        	10.74724    	0.093047148 	0.067342061	4.1832998   	0.80657518
90        	10.74724    	0.093047148 	0.067342061	4.1832998   	0.80657518
91        	10.74724    	0.093047148 	0.067342061	4.1832998   	0.80657518
92        	10.74724    	0.093047148 	0.067342061	4.1832998   	0.80657518
93        	10.74724    	0.093047148 	0.067342061	4.1832998   	0.80657518
94        	11.789338   	0.084822402 	0.060876989	2.7940531   	0.80063692
95        	nan         	nan         	nan      	nan         	nan      
96        	nan         	nan         	nan      	nan         	nan      
97        	nan         	nan         	nan      	nan         	nan      
98        	nan         	nan         	nan      	nan         	nan      
99        	nan         	nan         	nan      	nan         	nan      
100       	0.0083284262	120.0707    	0.56430648	197.96183   	0.23870125
101       	0.0083284262	120.0707    	0.56430648	197.96183   	0.23870125
102       	0.0063378667	157.7818    	0.45408136	213.76493   	0.16600601
104       	0.0063378667	157.7818    	0.45408136	213.76493   	0.16600601
105       	0.0063378667	157.7818    	0.45408136	213.76493   	0.16600601
106       	0.0063378667	157.7818    	0.45408136	213.76493   	0.16600601
107       	0.011347189 	88.127549   	0.073738504	99.971973   	0.078840709
109       	0.0052437239	190.70417   	0.32386024	239.60068   	0.13190492
110       	0.0052437239	190.70417   	0.32386024	239.60068   	0.13190492
111       	0.0052437239	190.70417   	0.32386024	239.60068   	0.13190492
112       	0.0052437239	190.70417   	0.32386024	239.60068   	0.13190492
113       	0.0040043652	249.72747   	0.4796005	329.20793   	0.15409318
114       	nan         	nan         	nan      	nan         	nan      
115       	0.025545789 	39.145394   	0.08892978	99.979023   	0.34410532
116       	0.025545789 	39.145394   	0.08892978	99.979023   	0.34410532
117       	0.029941596 	33.398353   	0.11016527	95.622052   	0.36304004
118       	0.040338176 	24.790412   	0.11096301	78.36175    	0.37740816
119       	0.17121914  	5.8404687   	0.09580061	48.386481   	0.45636714
120       	0.17121914  	5.8404687   	0.09580061	48.386481   	0.45636714
121       	0.17121914  	5.8404687   	0.09580061	48.386481   	0.45636714
122       	0.17121914  	5.8404687   	0.09580061	48.386481   	0.45636714
123       	0.17121914  	5.8404687   	0.09580061	48.386481   	0.45636714
125       	0.17121914  	5.8404687   	0.09580061	48.386481   	0.45636714
126       	0.19838285  	5.0407583   	0.097147048	60.825667   	0.47043774
127       	4.9059077   	0.20383588  	0.084080098	70.917171   	0.61353124
128       	9.0072431   	0.11102176  	0.076098543	64.443689   	0.78547085
129       	10.324471   	0.09685726  	0.074285549	96.260824   	0.84021056
131       	10.324471   	0.09685726  	0.074285549	96.260824   	0.84021056
132       	10.324471   	0.09685726  	0.074285549	96.260824   	0.84021056
133       	10.324471   	0.09685726  	0.074285549	96.260824   	0.84021056
134       	nan         	nan         	nan      	nan         	nan      
135       	nan         	nan         	nan      	nan         	nan      
136       	nan         	nan         	nan      	nan         	nan      
137       	nan         	nan         	nan      	nan         	nan      
138       	33.572276   	0.029786482 	0.029768225	0.068923642 	0.99911956
139       	32.947044   	0.030351736 	0.030203631	30.484186   	0.9966137
140       	33.497453   	0.029853016 	0.029562979	31.210563   	0.99325949
141       	34.806703   	0.028730098 	0.028379069	34.503079   	0.99152547
142       	63.291732   	0.015799852 	0.015514205	69.91673    	0.98747382
143       	63.291732   	0.015799852 	0.015514205	69.91673    	0.98747382
144       	63.291732   	0.015799852 	0.015514205	69.91673    	0.98747382
145       	63.291732   	0.015799852 	0.015514205	69.91673    	0.98747382
146       	63.291732   	0.015799852 	0.015514205	69.91673    	0.98747382
147       	63.291732   	0.015799852 	0.015514205	69.91673    	0.98747382
148       	63.291732   	0.015799852 	0.015514205	69.91673    	0.98747382
149       	63.291732   	0.015799852 	0.015514205	69.91673    	0.98747382
150       	63.291732   	0.015799852 	0.015514205	69.91673    	0.98747382
151       	63.291732   	0.015799852 	0.015514205	69.91673    	0.98747382
152       	922.97255   	0.0010834558	0.0010612581	74.388528   	0.98581036
153       	922.97255   	0.0010834558	0.0010612581	74.388528   	0.98581036
154       	922.97255   	0.0010834558	0.0010612581	74.388528   	0.98581036
155       	34.489529   	0.028994307 	0.028239992	56.548079   	0.98197365
