# r_number	rate        	tau         	tau1     	tau2        	r         
10        	3.3813483   	0.29574002  	0.087414923	10.687315   	0.54340775
11        	3.3813483   	0.29574002  	0.087414923	10.687315   	0.54340775
12        	3.3813483   	0.29574002  	0.087414923	10.687315   	0.54340775
13        	3.3813483   	0.29574002  	0.087414923	10.687315   	0.54340775
14        	3.3813483   	0.29574002  	0.087414923	10.687315   	0.54340775
15        	3.3813483   	0.29574002  	0.087414923	10.687315   	0.54340775
16        	3.3813483   	0.29574002  	0.087414923	10.687315   	0.54340775
17        	3.3813483   	0.29574002  	0.087414923	10.687315   	0.54340775
18        	nan         	nan         	nan      	nan         	nan       
19        	0.0098629982	101.38905   	0.14257256	148.3108    	0.1969145 
20        	0.0098629982	101.38905   	0.14257256	148.3108    	0.1969145 
21        	0.0098629982	101.38905   	0.14257256	148.3108    	0.1969145 
22        	0.0098629982	101.38905   	0.14257256	148.3108    	0.1969145 
23        	0.0098629982	101.38905   	0.14257256	148.3108    	0.1969145 
24        	0.0098629982	101.38905   	0.14257256	148.3108    	0.1969145 
25        	3.0555255   	0.32727594  	0.01     	0.59063118  	0.26586759
27        	3.0555255   	0.32727594  	0.01     	0.59063118  	0.26586759
28        	3.0555255   	0.32727594  	0.01     	0.59063118  	0.26586759
30        	3.0555255   	0.32727594  	0.01     	0.59063118  	0.26586759
31        	3.0555255   	0.32727594  	0.01     	0.59063118  	0.26586759
32        	3.0555255   	0.32727594  	0.01     	0.59063118  	0.26586759
33        	71.11133    	0.014062457 	0.01     	91.495192   	0.80291115
34        	71.11133    	0.014062457 	0.01     	91.495192   	0.80291115
35        	71.11133    	0.014062457 	0.01     	91.495192   	0.80291115
36        	71.11133    	0.014062457 	0.01     	91.495192   	0.80291115
37        	71.11133    	0.014062457 	0.01     	91.495192   	0.80291115
39        	9.0107932   	0.11097802  	0.065137079	11.041616   	0.71866649
40        	9.0107932   	0.11097802  	0.065137079	11.041616   	0.71866649
41        	9.0107932   	0.11097802  	0.065137079	11.041616   	0.71866649
42        	9.0107932   	0.11097802  	0.065137079	11.041616   	0.71866649
43        	9.0107932   	0.11097802  	0.065137079	11.041616   	0.71866649
44        	9.0107932   	0.11097802  	0.065137079	11.041616   	0.71866649
45        	9.0107932   	0.11097802  	0.065137079	11.041616   	0.71866649
46        	9.0107932   	0.11097802  	0.065137079	11.041616   	0.71866649
47        	32.772436   	0.030513447 	0.01     	103.00402   	0.56848784
48        	32.772436   	0.030513447 	0.01     	103.00402   	0.56848784
49        	32.772436   	0.030513447 	0.01     	103.00402   	0.56848784
50        	32.772436   	0.030513447 	0.01     	103.00402   	0.56848784
51        	32.772436   	0.030513447 	0.01     	103.00402   	0.56848784
52        	3.8579022   	0.25920823  	0.090146916	173.04217   	0.57838199
53        	3.8579022   	0.25920823  	0.090146916	173.04217   	0.57838199
54        	3.8579022   	0.25920823  	0.090146916	173.04217   	0.57838199
55        	3.8579022   	0.25920823  	0.090146916	173.04217   	0.57838199
56        	3.8579022   	0.25920823  	0.090146916	173.04217   	0.57838199
57        	3.8579022   	0.25920823  	0.090146916	173.04217   	0.57838199
58        	nan         	nan         	nan      	nan         	nan       
59        	nan         	nan         	nan      	nan         	nan       
60        	nan         	nan         	nan      	nan         	nan       
61        	nan         	nan         	nan      	nan         	nan       
62        	0.059781174 	16.727674   	0.50931489	350         	0.48315867
63        	0.059781174 	16.727674   	0.50931489	350         	0.48315867
64        	0.059781174 	16.727674   	0.50931489	350         	0.48315867
65        	0.059781174 	16.727674   	0.50931489	350         	0.48315867
66        	0.059781174 	16.727674   	0.50931489	350         	0.48315867
67        	0.059781174 	16.727674   	0.50931489	350         	0.48315867
68        	0.059781174 	16.727674   	0.50931489	350         	0.48315867
69        	8.530229    	0.11723015  	0.06068103	77.953743   	0.67712657
70        	8.530229    	0.11723015  	0.06068103	77.953743   	0.67712657
71        	8.530229    	0.11723015  	0.06068103	77.953743   	0.67712657
72        	8.530229    	0.11723015  	0.06068103	77.953743   	0.67712657
73        	8.530229    	0.11723015  	0.06068103	77.953743   	0.67712657
74        	8.530229    	0.11723015  	0.06068103	77.953743   	0.67712657
75        	8.530229    	0.11723015  	0.06068103	77.953743   	0.67712657
76        	0.0036678959	272.63587   	0.01     	330.51251   	0.11430111
77        	0.0036678959	272.63587   	0.01     	330.51251   	0.11430111
78        	0.0036678959	272.63587   	0.01     	330.51251   	0.11430111
79        	0.0036678959	272.63587   	0.01     	330.51251   	0.11430111
80        	0.0036678959	272.63587   	0.01     	330.51251   	0.11430111
81        	0.0036678959	272.63587   	0.01     	330.51251   	0.11430111
82        	0.0036678959	272.63587   	0.01     	330.51251   	0.11430111
83        	0.0036678959	272.63587   	0.01     	330.51251   	0.11430111
84        	0.0036678959	272.63587   	0.01     	330.51251   	0.11430111
85        	nan         	nan         	nan      	nan         	nan       
86        	10.815928   	0.092456234 	0.06692724	4.1056533   	0.80660911
87        	10.815928   	0.092456234 	0.06692724	4.1056533   	0.80660911
88        	10.815928   	0.092456234 	0.06692724	4.1056533   	0.80660911
89        	10.815928   	0.092456234 	0.06692724	4.1056533   	0.80660911
90        	10.815928   	0.092456234 	0.06692724	4.1056533   	0.80660911
91        	10.815928   	0.092456234 	0.06692724	4.1056533   	0.80660911
92        	10.815928   	0.092456234 	0.06692724	4.1056533   	0.80660911
93        	10.815928   	0.092456234 	0.06692724	4.1056533   	0.80660911
94        	10.815928   	0.092456234 	0.06692724	4.1056533   	0.80660911
95        	nan         	nan         	nan      	nan         	nan       
96        	nan         	nan         	nan      	nan         	nan       
97        	nan         	nan         	nan      	nan         	nan       
98        	nan         	nan         	nan      	nan         	nan       
99        	nan         	nan         	nan      	nan         	nan       
100       	0.011581856 	86.341948   	0.54773566	159.31017   	0.27201842
101       	0.011581856 	86.341948   	0.54773566	159.31017   	0.27201842
102       	0.011581856 	86.341948   	0.54773566	159.31017   	0.27201842
104       	0.011581856 	86.341948   	0.54773566	159.31017   	0.27201842
105       	0.011581856 	86.341948   	0.54773566	159.31017   	0.27201842
106       	0.011581856 	86.341948   	0.54773566	159.31017   	0.27201842
107       	0.0035895262	278.5883    	0.01     	292.99752   	0.033513595
109       	0.0035895262	278.5883    	0.01     	292.99752   	0.033513595
110       	0.0035895262	278.5883    	0.01     	292.99752   	0.033513595
111       	0.0035895262	278.5883    	0.01     	292.99752   	0.033513595
112       	0.0035895262	278.5883    	0.01     	292.99752   	0.033513595
113       	0.0035895262	278.5883    	0.01     	292.99752   	0.033513595
114       	nan         	nan         	nan      	nan         	nan       
115       	0.035008564 	28.564439   	0.36094057	58.415828   	0.29827164
116       	0.035008564 	28.564439   	0.36094057	58.415828   	0.29827164
117       	0.035008564 	28.564439   	0.36094057	58.415828   	0.29827164
118       	0.035008564 	28.564439   	0.36094057	58.415828   	0.29827164
119       	0.035008564 	28.564439   	0.36094057	58.415828   	0.29827164
120       	0.035008564 	28.564439   	0.36094057	58.415828   	0.29827164
121       	0.035008564 	28.564439   	0.36094057	58.415828   	0.29827164
122       	0.035008564 	28.564439   	0.36094057	58.415828   	0.29827164
123       	0.035008564 	28.564439   	0.36094057	58.415828   	0.29827164
125       	0.035008564 	28.564439   	0.36094057	58.415828   	0.29827164
126       	100         	0.01        	0.01     	64.358263   	1         
127       	100         	0.01        	0.01     	64.358263   	1         
128       	100         	0.01        	0.01     	64.358263   	1         
129       	100         	0.01        	0.01     	64.358263   	1         
131       	100         	0.01        	0.01     	64.358263   	1         
132       	100         	0.01        	0.01     	64.358263   	1         
133       	100         	0.01        	0.01     	64.358263   	1         
134       	nan         	nan         	nan      	nan         	nan       
135       	nan         	nan         	nan      	nan         	nan       
136       	nan         	nan         	nan      	nan         	nan       
137       	nan         	nan         	nan      	nan         	nan       
138       	89.696468   	0.011148711 	0.010954692	59.362496   	0.98794266
139       	89.696468   	0.011148711 	0.010954692	59.362496   	0.98794266
140       	89.696468   	0.011148711 	0.010954692	59.362496   	0.98794266
141       	89.696468   	0.011148711 	0.010954692	59.362496   	0.98794266
142       	89.696468   	0.011148711 	0.010954692	59.362496   	0.98794266
143       	89.696468   	0.011148711 	0.010954692	59.362496   	0.98794266
144       	89.696468   	0.011148711 	0.010954692	59.362496   	0.98794266
145       	89.696468   	0.011148711 	0.010954692	59.362496   	0.98794266
146       	89.696468   	0.011148711 	0.010954692	59.362496   	0.98794266
147       	89.696468   	0.011148711 	0.010954692	59.362496   	0.98794266
148       	89.696468   	0.011148711 	0.010954692	59.362496   	0.98794266
149       	89.696468   	0.011148711 	0.010954692	59.362496   	0.98794266
150       	89.696468   	0.011148711 	0.010954692	59.362496   	0.98794266
151       	89.696468   	0.011148711 	0.010954692	59.362496   	0.98794266
152       	89.696468   	0.011148711 	0.010954692	59.362496   	0.98794266
153       	89.696468   	0.011148711 	0.010954692	59.362496   	0.98794266
154       	89.696468   	0.011148711 	0.010954692	59.362496   	0.98794266
155       	89.696468   	0.011148711 	0.010954692	59.362496   	0.98794266
